ClueGame 168 2 196 122
2 2 2 2 2 2 2 2 2 2 2 2 2 2 2 2 2 2 2 2 2 2 2 2 2 2 2 2 2 2 2 2 2 2 2 2 2 2 2 2 2 2 2 2 2 2 2 2 2 2 2 2 2 2 2 2 2 2 2 2 2 2 2 2 2 2 2 2 2 2 2 2 2 2 2 2 2 2 2 2 2 2 2 2 2 2 2 2 2 2 2 2 2 2 2 2 2 2 2 2 2 2 2 2 2 2 2 2 2 2 2 2 2 2 2 2 2 2 2 2 2 2 2 2 2 2 2 2 2 2 2 2 2 2 2 2 2 2 2 2 2 2 2 2 2 2 2 2 2 2 2 2 2 2 2 2 2 2 2 2 2 2 2 2 2 2 2 2
1 0 0 2
0 0.0000
1 122
1 1 0 2
0 0.19004
1 1.7540
1 2 0 2
0 0.26236
1 1.4663
1 3 0 2
0 0.19004
1 1.7540
1 4 0 2
0 0.19004
1 1.7540
1 5 0 2
0 0.28768
1 1.3863
1 6 0 2
0 0.0000
1 122
1 7 0 2
0 0.0000
1 122
1 8 0 2
0 0.0000
1 122
1 9 0 2
0 0.19004
1 1.7540
1 10 0 2
0 0.26236
1 1.4663
1 11 0 2
0 0.19004
1 1.7540
1 12 0 2
0 0.19004
1 1.7540
1 13 0 2
0 0.28768
1 1.3863
1 14 0 2
0 0.0000
1 122
1 15 0 2
0 0.0000
1 122
1 16 0 2
0 0.0000
1 122
1 17 0 2
0 0.19004
1 1.7540
1 18 0 2
0 0.26236
1 1.4663
1 19 0 2
0 0.19004
1 1.7540
1 20 0 2
0 0.19004
1 1.7540
1 21 0 2
0 0.28768
1 1.3863
1 22 0 2
0 0.0000
1 122
1 23 0 2
0 0.0000
1 122
1 24 0 2
0 122
1 0.0000
1 25 0 2
0 0.0000
1 122
1 26 0 2
0 0.0000
1 122
1 27 0 2
0 0.0000
1 122
1 28 0 2
0 0.0000
1 122
1 29 0 2
0 0.0000
1 122
1 30 0 2
0 0.0000
1 122
1 31 0 2
0 0.0000
1 122
1 32 0 2
0 122
1 0.0000
1 33 0 2
0 0.0000
1 122
1 34 0 2
0 0.0000
1 122
1 35 0 2
0 0.0000
1 122
1 36 0 2
0 0.0000
1 122
1 37 0 2
0 0.0000
1 122
1 38 0 2
0 0.0000
1 122
1 39 0 2
0 0.0000
1 122
1 40 0 2
0 0.0000
1 122
1 41 0 2
0 0.19004
1 1.7540
1 42 0 2
0 0.26236
1 1.4663
1 43 0 2
0 0.19004
1 1.7540
1 44 0 2
0 0.19004
1 1.7540
1 45 0 2
0 0.28768
1 1.3863
1 46 0 2
0 0.0000
1 122
1 47 0 2
0 0.0000
1 122
1 48 0 2
0 0.0000
1 122
1 49 0 2
0 122
1 0.0000
1 50 0 2
0 0.0000
1 122
1 51 0 2
0 0.0000
1 122
1 52 0 2
0 0.0000
1 122
1 53 0 2
0 0.0000
1 122
1 54 0 2
0 0.0000
1 122
1 55 0 2
0 0.0000
1 122
1 56 0 2
0 0.0000
1 122
1 57 0 2
0 0.22555
1 1.5999
1 58 0 2
0 0.31366
1 1.3122
1 59 0 2
0 0.22555
1 1.5999
1 60 0 2
0 0.22555
1 1.5999
1 61 0 2
0 0.0000
1 122
1 62 0 2
0 0.13353
1 2.0794
1 63 0 2
0 0.0000
1 122
1 64 0 2
0 0.0000
1 122
1 65 0 2
0 0.22555
1 1.5999
1 66 0 2
0 0.31366
1 1.3122
1 67 0 2
0 0.22555
1 1.5999
1 68 0 2
0 0.22555
1 1.5999
1 69 0 2
0 0.0000
1 122
1 70 0 2
0 0.13353
1 2.0794
1 71 0 2
0 0.0000
1 122
1 72 0 2
0 0.0000
1 122
1 73 0 2
0 0.22555
1 1.5999
1 74 0 2
0 0.31366
1 1.3122
1 75 0 2
0 0.22555
1 1.5999
1 76 0 2
0 0.22555
1 1.5999
1 77 0 2
0 0.0000
1 122
1 78 0 2
0 0.13353
1 2.0794
1 79 0 2
0 0.0000
1 122
1 80 0 2
0 0.0000
1 122
1 81 0 2
0 0.22555
1 1.5999
1 82 0 2
0 0.31366
1 1.3122
1 83 0 2
0 0.22555
1 1.5999
1 84 0 2
0 0.22555
1 1.5999
1 85 0 2
0 0.0000
1 122
1 86 0 2
0 0.13353
1 2.0794
1 87 0 2
0 0.0000
1 122
1 88 0 2
0 0.0000
1 122
1 89 0 2
0 0.47000
1 0.98083
1 90 0 2
0 0.69315
1 0.69315
1 91 0 2
0 0.0000
1 122
1 92 0 2
0 0.0000
1 122
1 93 0 2
0 0.0000
1 122
1 94 0 2
0 0.13353
1 2.0794
1 95 0 2
0 0.0000
1 122
1 96 0 2
0 0.0000
1 122
1 97 0 2
0 0.22555
1 1.5999
1 98 0 2
0 0.31366
1 1.3122
1 99 0 2
0 0.22555
1 1.5999
1 100 0 2
0 0.22555
1 1.5999
1 101 0 2
0 0.0000
1 122
1 102 0 2
0 0.13353
1 2.0794
1 103 0 2
0 0.0000
1 122
1 104 0 2
0 0.0000
1 122
1 105 0 2
0 0.22555
1 1.5999
1 106 0 2
0 0.31366
1 1.3122
1 107 0 2
0 0.22555
1 1.5999
1 108 0 2
0 0.22555
1 1.5999
1 109 0 2
0 0.0000
1 122
1 110 0 2
0 0.13353
1 2.0794
1 111 0 2
0 0.0000
1 122
1 112 0 2
0 0.0000
1 122
1 113 0 2
0 0.22555
1 1.5999
1 114 0 2
0 0.31366
1 1.3122
1 115 0 2
0 0.22555
1 1.5999
1 116 0 2
0 0.22555
1 1.5999
1 117 0 2
0 0.0000
1 122
1 118 0 2
0 0.13353
1 2.0794
1 119 0 2
0 0.0000
1 122
1 120 0 2
0 0.0000
1 122
1 121 0 2
0 0.19004
1 1.7540
1 122 0 2
0 0.26236
1 1.4663
1 123 0 2
0 0.19004
1 1.7540
1 124 0 2
0 0.19004
1 1.7540
1 125 0 2
0 0.0000
1 122
1 126 0 2
0 0.0000
1 122
1 127 0 2
0 0.28768
1 1.3863
1 128 0 2
0 122
1 0.0000
1 129 0 2
0 0.0000
1 122
1 130 0 2
0 0.0000
1 122
1 131 0 2
0 0.0000
1 122
1 132 0 2
0 0.0000
1 122
1 133 0 2
0 0.0000
1 122
1 134 0 2
0 0.0000
1 122
1 135 0 2
0 0.0000
1 122
1 136 0 2
0 0.0000
1 122
1 137 0 2
0 0.19004
1 1.7540
1 138 0 2
0 0.26236
1 1.4663
1 139 0 2
0 0.19004
1 1.7540
1 140 0 2
0 0.19004
1 1.7540
1 141 0 2
0 0.0000
1 122
1 142 0 2
0 0.0000
1 122
1 143 0 2
0 0.28768
1 1.3863
1 144 0 2
0 122
1 0.0000
1 145 0 2
0 0.0000
1 122
1 146 0 2
0 0.0000
1 122
1 147 0 2
0 0.0000
1 122
1 148 0 2
0 0.0000
1 122
1 149 0 2
0 0.0000
1 122
1 150 0 2
0 0.0000
1 122
1 151 0 2
0 0.0000
1 122
1 152 0 2
0 0.0000
1 122
1 153 0 2
0 0.38777
1 1.1350
1 154 0 2
0 0.55962
1 0.84730
1 155 0 2
0 0.0000
1 122
1 156 0 2
0 0.0000
1 122
1 157 0 2
0 0.0000
1 122
1 158 0 2
0 0.0000
1 122
1 159 0 2
0 0.28768
1 1.3863
1 160 0 2
0 0.0000
1 122
1 161 0 2
0 0.19004
1 1.7540
1 162 0 2
0 0.26236
1 1.4663
1 163 0 2
0 0.19004
1 1.7540
1 164 0 2
0 0.19004
1 1.7540
1 165 0 2
0 0.0000
1 122
1 166 0 2
0 0.0000
1 122
1 167 0 2
0 0.28768
1 1.3863
8 0 1 2 3 4 5 6 7 122 8
1 0 0 0 0 0 0 0 0
0 1 0 0 0 0 0 0 0
0 0 1 0 0 0 0 0 0
0 0 0 1 0 0 0 0 0
0 0 0 0 1 0 0 0 0
0 0 0 0 0 1 0 0 0
0 0 0 0 0 0 1 0 0
0 0 0 0 0 0 0 1 0
8 8 9 10 11 12 13 14 15 122 8
1 0 0 0 0 0 0 0 0
0 1 0 0 0 0 0 0 0
0 0 1 0 0 0 0 0 0
0 0 0 1 0 0 0 0 0
0 0 0 0 1 0 0 0 0
0 0 0 0 0 1 0 0 0
0 0 0 0 0 0 1 0 0
0 0 0 0 0 0 0 1 0
8 16 17 18 19 20 21 22 23 122 8
1 0 0 0 0 0 0 0 0
0 1 0 0 0 0 0 0 0
0 0 1 0 0 0 0 0 0
0 0 0 1 0 0 0 0 0
0 0 0 0 1 0 0 0 0
0 0 0 0 0 1 0 0 0
0 0 0 0 0 0 1 0 0
0 0 0 0 0 0 0 1 0
8 24 25 26 27 28 29 30 31 122 8
1 0 0 0 0 0 0 0 0
0 1 0 0 0 0 0 0 0
0 0 1 0 0 0 0 0 0
0 0 0 1 0 0 0 0 0
0 0 0 0 1 0 0 0 0
0 0 0 0 0 1 0 0 0
0 0 0 0 0 0 1 0 0
0 0 0 0 0 0 0 1 0
8 32 33 34 35 36 37 38 39 122 8
1 0 0 0 0 0 0 0 0
0 1 0 0 0 0 0 0 0
0 0 1 0 0 0 0 0 0
0 0 0 1 0 0 0 0 0
0 0 0 0 1 0 0 0 0
0 0 0 0 0 1 0 0 0
0 0 0 0 0 0 1 0 0
0 0 0 0 0 0 0 1 0
8 40 41 42 43 44 45 46 47 122 8
1 0 0 0 0 0 0 0 0
0 1 0 0 0 0 0 0 0
0 0 1 0 0 0 0 0 0
0 0 0 1 0 0 0 0 0
0 0 0 0 1 0 0 0 0
0 0 0 0 0 1 0 0 0
0 0 0 0 0 0 1 0 0
0 0 0 0 0 0 0 1 0
8 48 49 50 51 52 53 54 55 122 8
1 0 0 0 0 0 0 0 0
0 1 0 0 0 0 0 0 0
0 0 1 0 0 0 0 0 0
0 0 0 1 0 0 0 0 0
0 0 0 0 1 0 0 0 0
0 0 0 0 0 1 0 0 0
0 0 0 0 0 0 1 0 0
0 0 0 0 0 0 0 1 0
8 56 57 58 59 60 61 62 63 122 8
1 0 0 0 0 0 0 0 0
0 1 0 0 0 0 0 0 0
0 0 1 0 0 0 0 0 0
0 0 0 1 0 0 0 0 0
0 0 0 0 1 0 0 0 0
0 0 0 0 0 1 0 0 0
0 0 0 0 0 0 1 0 0
0 0 0 0 0 0 0 1 0
8 64 65 66 67 68 69 70 71 122 8
1 0 0 0 0 0 0 0 0
0 1 0 0 0 0 0 0 0
0 0 1 0 0 0 0 0 0
0 0 0 1 0 0 0 0 0
0 0 0 0 1 0 0 0 0
0 0 0 0 0 1 0 0 0
0 0 0 0 0 0 1 0 0
0 0 0 0 0 0 0 1 0
8 72 73 74 75 76 77 78 79 122 8
1 0 0 0 0 0 0 0 0
0 1 0 0 0 0 0 0 0
0 0 1 0 0 0 0 0 0
0 0 0 1 0 0 0 0 0
0 0 0 0 1 0 0 0 0
0 0 0 0 0 1 0 0 0
0 0 0 0 0 0 1 0 0
0 0 0 0 0 0 0 1 0
8 80 81 82 83 84 85 86 87 122 8
1 0 0 0 0 0 0 0 0
0 1 0 0 0 0 0 0 0
0 0 1 0 0 0 0 0 0
0 0 0 1 0 0 0 0 0
0 0 0 0 1 0 0 0 0
0 0 0 0 0 1 0 0 0
0 0 0 0 0 0 1 0 0
0 0 0 0 0 0 0 1 0
8 88 89 90 91 92 93 94 95 122 8
1 0 0 0 0 0 0 0 0
0 1 0 0 0 0 0 0 0
0 0 1 0 0 0 0 0 0
0 0 0 1 0 0 0 0 0
0 0 0 0 1 0 0 0 0
0 0 0 0 0 1 0 0 0
0 0 0 0 0 0 1 0 0
0 0 0 0 0 0 0 1 0
8 96 97 98 99 100 101 102 103 122 8
1 0 0 0 0 0 0 0 0
0 1 0 0 0 0 0 0 0
0 0 1 0 0 0 0 0 0
0 0 0 1 0 0 0 0 0
0 0 0 0 1 0 0 0 0
0 0 0 0 0 1 0 0 0
0 0 0 0 0 0 1 0 0
0 0 0 0 0 0 0 1 0
8 104 105 106 107 108 109 110 111 122 8
1 0 0 0 0 0 0 0 0
0 1 0 0 0 0 0 0 0
0 0 1 0 0 0 0 0 0
0 0 0 1 0 0 0 0 0
0 0 0 0 1 0 0 0 0
0 0 0 0 0 1 0 0 0
0 0 0 0 0 0 1 0 0
0 0 0 0 0 0 0 1 0
8 112 113 114 115 116 117 118 119 122 8
1 0 0 0 0 0 0 0 0
0 1 0 0 0 0 0 0 0
0 0 1 0 0 0 0 0 0
0 0 0 1 0 0 0 0 0
0 0 0 0 1 0 0 0 0
0 0 0 0 0 1 0 0 0
0 0 0 0 0 0 1 0 0
0 0 0 0 0 0 0 1 0
8 120 121 122 123 124 125 126 127 122 8
1 0 0 0 0 0 0 0 0
0 1 0 0 0 0 0 0 0
0 0 1 0 0 0 0 0 0
0 0 0 1 0 0 0 0 0
0 0 0 0 1 0 0 0 0
0 0 0 0 0 1 0 0 0
0 0 0 0 0 0 1 0 0
0 0 0 0 0 0 0 1 0
8 128 129 130 131 132 133 134 135 122 8
1 0 0 0 0 0 0 0 0
0 1 0 0 0 0 0 0 0
0 0 1 0 0 0 0 0 0
0 0 0 1 0 0 0 0 0
0 0 0 0 1 0 0 0 0
0 0 0 0 0 1 0 0 0
0 0 0 0 0 0 1 0 0
0 0 0 0 0 0 0 1 0
8 136 137 138 139 140 141 142 143 122 8
1 0 0 0 0 0 0 0 0
0 1 0 0 0 0 0 0 0
0 0 1 0 0 0 0 0 0
0 0 0 1 0 0 0 0 0
0 0 0 0 1 0 0 0 0
0 0 0 0 0 1 0 0 0
0 0 0 0 0 0 1 0 0
0 0 0 0 0 0 0 1 0
8 144 145 146 147 148 149 150 151 122 8
1 0 0 0 0 0 0 0 0
0 1 0 0 0 0 0 0 0
0 0 1 0 0 0 0 0 0
0 0 0 1 0 0 0 0 0
0 0 0 0 1 0 0 0 0
0 0 0 0 0 1 0 0 0
0 0 0 0 0 0 1 0 0
0 0 0 0 0 0 0 1 0
8 152 153 154 155 156 157 158 159 122 8
1 0 0 0 0 0 0 0 0
0 1 0 0 0 0 0 0 0
0 0 1 0 0 0 0 0 0
0 0 0 1 0 0 0 0 0
0 0 0 0 1 0 0 0 0
0 0 0 0 0 1 0 0 0
0 0 0 0 0 0 1 0 0
0 0 0 0 0 0 0 1 0
8 160 161 162 163 164 165 166 167 122 8
1 0 0 0 0 0 0 0 0
0 1 0 0 0 0 0 0 0
0 0 1 0 0 0 0 0 0
0 0 0 1 0 0 0 0 0
0 0 0 0 1 0 0 0 0
0 0 0 0 0 1 0 0 0
0 0 0 0 0 0 1 0 0
0 0 0 0 0 0 0 1 0
6 5 13 21 29 37 45 122 6
1 0 0 0 0 0 0
0 1 0 0 0 0 0
0 0 1 0 0 0 0
0 0 0 1 0 0 0
0 0 0 0 1 0 0
0 0 0 0 0 1 0
9 54 62 70 78 86 94 102 110 118 122 9
1 0 0 0 0 0 0 0 0 0
0 1 0 0 0 0 0 0 0 0
0 0 1 0 0 0 0 0 0 0
0 0 0 1 0 0 0 0 0 0
0 0 0 0 1 0 0 0 0 0
0 0 0 0 0 1 0 0 0 0
0 0 0 0 0 0 1 0 0 0
0 0 0 0 0 0 0 1 0 0
0 0 0 0 0 0 0 0 1 0
6 127 135 143 151 159 167 122 6
1 0 0 0 0 0 0
0 1 0 0 0 0 0
0 0 1 0 0 0 0
0 0 0 1 0 0 0
0 0 0 0 1 0 0
0 0 0 0 0 1 0
3 10 74 162 0 1
0 0 0 122
3 24 88 152 0 1
0 0 0 122
3 12 76 148 0 1
0 0 0 122
3 41 89 121 0 1
0 0 0 122
